Accession	Description	Gene	Sum PEP Score	Coverage in Percent	Number of Peptides	Number of PSMs	Number of Unique Peptides	Number of AAs	MW [kDa]	calc. pI	Number of Peptides (by Search Engine): A2 Sequest HT	# Peptides (by Search Engine): AA2 Sequest HT	# Peptides (by Search Engine): AB2 Sequest HT	# Peptides (by Search Engine): AC2 Sequest HT	# Peptides (by Search Engine): AD2 Sequest HT	# Peptides (by Search Engine): AE2 Sequest HT	S1rep1	S1rep2	S1rep3	S2rep1	S2rep2	S2rep3
B4F7C2	Tubulin beta chain	Tubb4a	463.966	75	29	7534	7	444	49.6	4.88	24	23	25	24	24	24	302020540.9	290828376	284317893.1	253384155.8	235060061.8	221007458.1
D3ZRN3	Actin, beta-like 2	Actbl2	150.117	40	13	1821	4	376	41.9	5.49	10	11	13	11	12	11	414205148.8	409254181.4	403076066.7	342936744.7	311234445.5	294304996.5
D3ZNW5	Neurofascin	Nfasc	223.424	36	33	1091	2	1174	132.1	6.7	21	23	22	26	22	19	1223214.125	947568.25	972286.6563	965912.4063	960073.0625	514913.1563
D3ZKD9	Microtubule-associated protein	Mapt	150.259	61	16	1055	1	374	39.1	9.5	16	16	15	15	16	15	5370777	6115860.781	5479991	4936874.016	4376076.719	4391193.609
D3ZC55	Heat shock 70kDa protein 12A (Predicted), isoform CRA_a	Hspa12a	207.207	55	29	1031	29	675	74.8	6.61	22	23	22	22	21	24	114706578.4	110228990.9	108956287.1	89542230.41	84196763.02	79199998.66
A7VJC2	Heterogeneous nuclear ribonucleoproteins A2/B1	Hnrnpa2b1	145.944	57	17	972	16	353	37.5	8.95	14	14	15	14	15	14	127459993.9	121139454.5	117672251	91339683.63	83821730.23	77363472.03
A0A1W2Q6Q2	Serine/threonine-protein kinase DCLK1	Dclk1	177.393	48	22	861	22	739	82	8.73	16	16	16	16	16	16	70811816.47	73571613.05	68791087.81	62671175.25	56793365.72	55423084.33
B3GNI6	Septin-11	Septin11	121.052	57	18	849	10	431	49.7	6.68	16	16	15	15	15	16	48968653.81	50416485.81	47053607.88	34710598.63	31693453.97	27728214.94
D3ZDT1	Erythrocyte membrane protein band 4.1-like 2	Epb41l2	180.439	41	30	833	1	926	102.5	5.35	21	20	17	16	18	19	665156.125	657250.1875	674581.6875	528074.8125	405631.1563	442804.0938
D3ZCV0	Actinin alpha 2	Actn2	219.461	44	33	826	19	894	103.8	5.45	25	19	18	17	18	21	21822731.81	22750825.34	20914588.69	16062351.3	15376252.11	12981486.48
D3ZQD3	Oxoglutarate dehydrogenase-like	Ogdhl	166.523	34	25	807	18	1010	114.6	6.93	19	15	16	16	17	18	22825253.14	23428412.02	23438497.7	16404434.56	16292505.15	15779627.52
B5DFG5	RCG53214, isoform CRA_d	06-sept	108.768	48	15	694	9	427	48.7	6.67	13	12	12	11	13	13	26845870.69	26626489.69	26560124.69	21846533.25	19758153.91	19330091.59
D3ZDH8	Septin 5	05-sept	106.827	59	17	661	15	378	43.9	6.67	14	11	12	13	12	13	87732427.3	92091627.95	85455211.83	65332123.88	60474433.6	55547543.57
B5DFN2	S-adenosylhomocysteine hydrolase-like protein 1	Ahcyl1	106.437	46	19	626	9	483	53.7	7.44	13	14	11	13	14	15	24360153.16	24528633.94	23370350.44	17595615.41	16418845.72	15658777.14
D3ZBU7	Similar to putative protein (5S487)	RGD1310819	157.555	41	26	614	26	1151	123.1	7.68	8	16	13	13	14	10	25675135.36	24437755.25	23823160.95	22369416.88	20736801.71	20219694.15
D3ZM62	Tripartite motif-containing protein 2	Trim2	125.771	40	19	577	19	761	82.9	7.37	12	14	14	11	13	14	27335356.8	26302684.56	26343218.02	21630560.88	20975807.28	19903108.78
B2GV06	Succinyl-CoA:3-ketoacid coenzyme A transferase 1, mitochondrial	Oxct1	132.522	55	17	549	17	520	56.2	8.47	12	10	11	11	13	11	60633733.25	54793117.44	56130793.22	42780137.34	40152302.58	36190616.86
D3ZG43	NADH dehydrogenase (Ubiquinone) Fe-S protein 3 (Predicted), isoform CRA_c	Ndufs3	92.94	36	10	543	10	264	30.2	7.53	9	9	8	8	8	8	47978161.5	46083745.13	44670212.78	34019225.05	31199166.03	29609754.63
D3ZA84	Talin 2	Tln2	205.744	23	39	542	33	2542	271.5	5.55	11	15	12	9	6	13	42702793.72	38610854.45	35260487.86	22042911.08	21143253.87	20144779.17
B2RYG6	Ubiquitin thioesterase OTUB1	Otub1	103.331	61	13	508	13	271	31.3	4.94	10	10	10	10	10	9	45404903	44569888.31	43317312.88	36140251.02	33290115.77	31562472
D3ZDU5	Profilin	Pfn2	62.035	51	6	495	6	148	16	7.97	6	6	6	6	6	6	55673309.34	51387357.16	53467254.84	44010531.38	39891797.3	39438579.03
D3ZFY7	Pleckstrin and Sec7 domain-containing 3	Psd3	90.524	16	14	482	3	1012	112	6.52	11	9	6	10	12	11	9736736.656	8913753.188	8978483.313	5982147.406	5532283.281	5240777.219
B5DF41	Syntaphilin	Snph	93.534	40	14	474	14	504	54.5	6.15	9	11	9	9	10	10	13038310.56	14088899.42	12981787.09	11072054.06	10263981.89	9362689.906
D3ZAA9	MAGUK p55 subfamily member 2	Mpp2	101.427	40	17	457	16	552	61.5	6.44	11	11	11	12	11	11	38002346.44	34526808.94	32304181.53	26651906.36	25973189.63	24510141.86
D3ZHY9	RAS protein activator like 1 (GAP1 like) (Predicted)	Rasal1	128.409	36	21	455	21	801	89.5	6.35	14	9	13	10	13	9	28899311.66	27101808.53	26461075.73	18369413.98	17779183.23	16192847.11
A0A5H1ZRV3	Tubulin polymerization-promoting protein	Tppp	96.715	41	10	454	10	235	25.6	9.55	9	8	8	8	8	8	141868435.9	143046343.9	137696403.7	109509411	99114044.25	96296008.44
D3ZC84	Ubiquitin specific peptidase 9, X chromosome (Predicted)	Usp9x	130.391	13	26	448	26	2547	289.3	5.78	13	8	11	11	7	9	19427853.16	19013813.16	17200590.73	13927391.11	13494893	11805272.8
B2RYW9	Fumarylacetoacetate hydrolase domain-containing protein 2	Fahd2	72.404	51	11	435	11	313	34.6	8.35	10	8	9	9	10	10	20918332.19	20385279.47	20021785.78	16146120.56	14378058.28	13545891.88
D3ZB78	PHD finger protein 24	Phf24	89.973	55	15	430	15	363	41.2	5.44	10	8	8	8	10	10	31786917.17	31406817.94	31367636.58	23690103	22291890.84	21325292.61
C7E1V2	Inositol 1,4,5-trisphosphate receptor type 1	Itpr1	137.108	15	29	426	29	2748	312.8	6.04	8	9	8	8	7	8	14673673.64	13815048.77	13350313.22	13276544.3	13115396.91	11798257.34
D3ZPC4	Neural cell adhesion molecule L1	L1cam	103.068	20	15	418	15	1255	140.3	5.78	10	10	7	7	6	11	15525232.53	16112470.66	14301597.56	11802518.14	11224658.25	10504228.22
D3ZE17	Caskin-1	Caskin1	124.058	26	23	408	23	1430	150.2	9.14	10	9	9	8	10	12	17531268.13	16238048.13	17686523.92	12824852.67	12622342.56	11557955.7
D3ZAI6	5'-nucleotidase domain-containing 3	Nt5dc3	73.06	28	14	406	14	546	63.1	8.62	12	9	8	9	8	8	38790804.75	33376821.38	34586559.75	25312607.5	22338358.06	21867748.91
A1L1J8	RAB5B, member RAS oncogene family	Rab5b	58.94	48	8	383	5	215	23.7	8.13	7	8	6	6	6	7	5957869.438	8796066.656	9311714.656	6148324.594	6004650.438	3893172.313
A0JPJ7	Obg-like ATPase 1	Ola1	71.437	44	14	359	14	396	44.5	7.77	11	7	7	7	8	10	43699429.47	42938038.81	38654064.66	32876179.47	30604666.81	27711261.81
B0BNK1	RAB5C, member RAS oncogene family	Rab5c	59.569	72	11	359	8	216	23.4	8.41	7	7	7	6	8	6	8953148	9293225.438	9140197.766	6951008.938	6597778	5929507.289
B0BNA5	Coactosin-like protein	Cotl1	51.305	78	10	352	10	142	15.9	5.4	9	9	10	7	6	8	51660690.88	50767734.81	48771860.88	44991664.19	40570527.63	38798570.31
D3ZFB6	Proline-rich transmembrane protein 2	Prrt2	57.012	41	7	350	7	344	35.8	4.63	5	6	4	4	3	6	11721184.28	11282267.06	11393090.59	9080776.688	9211612.047	8786994.875
A0A4X0W8E9	Active breakpoint cluster region-related protein	Abr	77.363	21	13	338	12	842	95.6	6.48	7	8	9	8	9	7	31435293.59	31081078.88	30326258.63	25532688.14	21946618.41	20567615.39
D3ZFQ8	Cytochrome c-1	Cyc1	66.878	37	8	338	8	326	35.4	9.26	8	7	8	6	6	6	29844539.33	25626700.84	27190233.63	16572534.94	14874665.19	14262911.98
B2GUZ9	Fam49b protein	Fam49b	75.311	44	10	315	8	324	36.8	6.06	8	9	5	6	4	7	20019274.75	19300709.13	19029529.88	15404649.88	13868402.16	13764861.06
B1WC61	Complex I assembly factor ACAD9, mitochondrial	Acad9	76.548	35	18	315	18	625	68.8	7.69	8	9	7	8	8	8	19977374.22	19183045.33	18584296.5	14303608.41	13764670.67	12902804.47
D3ZJR1	Epidermal growth factor receptor pathway substrate 15-like 1	Eps15l1	90.976	21	16	313	16	909	99.4	5.02	13	8	8	5	5	9	17263812.27	17767052.44	16547971.2	13435862.25	12538307.94	11998290.72
A0A5H1ZRU4	Cell adhesion molecule 1	Cadm1	58.323	32	8	304	8	446	49.4	4.84	5	6	7	8	7	6	16494112.13	16603979.75	16525383.31	12433420.91	11689251	11031797.06
B1WC34	Protein kinase C substrate 80K-H	Prkcsh	50.895	25	9	297	9	525	59.2	4.48	6	8	4	5	6	6	12524389.31	14473373.84	13946812.84	9127012.094	8331128.031	9216065.406
D3ZE63	Uncharacterized protein		27.121	43	4	297	4	115	12.6	7.9	4	4	4	4	4	4	62689646.66	60378059.22	60531215.69	42943813.22	39437967.91	37873087.75
D3ZAP9	Glycerol-3-phosphate dehydrogenase [NAD(+)]	Gpd1l	52.029	36	13	297	11	351	38	7.01	8	8	8	7	8	9	14479138.47	15037472.66	13970371.25	10365873.5	9173630.969	9273628.797
D3Z9H2	Hyaluronan and proteoglycan link protein 4	Hapln4	97.65	55	15	296	14	400	42.7	8.85	10	6	9	7	7	6	15457058.83	14978186.25	14815859.56	11767856.61	10967365.3	10495193.97
B2RYJ7	ARP1 actin-related protein 1 homolog B (Yeast)	Actr1b	78.555	35	9	287	2	376	42.3	6.4	7	7	6	6	7	6	7369159.531	6721667.563	6995374.844	5931984.5	5841735.109	5600560.156
B5DEN5	Eukaryotic translation elongation factor 1 beta 2	Eef1b2	55.223	60	8	280	6	225	24.7	4.72	5	6	5	4	6	6	17852261.25	17672221.75	16329474.78	12743468.47	12282852.19	10970374.5
A1L1M0	Protein kinase, cAMP-dependent, catalytic, alpha	Prkaca	62.448	39	11	278	5	351	40.6	8.79	6	9	9	9	4	9	6021011.938	5523732.5	6551901.594	4883009.688	5727115.063	5107789.375
D3ZDC0	Neuroligin-3	Nlgn3	55.446	14	10	272	8	828	91.5	5.8	8	6	7	6	3	6	12564119.39	12180290.22	12150362.11	10608881.25	10587561.86	10514524.82
D3ZAN3	Alpha glucosidase 2 alpha neutral subunit (Predicted)	Ganab	59.535	19	11	267	11	797	90.5	6.2	8	5	8	8	6	5	13495054.72	13426143	13475982.53	10587721.59	9943296.938	10667408.72
B0BN63	Activator of Hsp90 ATPase activity 1	Ahsa1	51.244	46	11	265	11	338	38.1	5.53	4	8	7	6	5	6	21456807.69	21036905.56	16508328.94	13824648.75	12818968.03	13041684.97
B0BNE5	S-formylglutathione hydrolase	Esd	47.073	39	7	260	7	282	31.3	6.9	5	6	5	5	4	5	38055147.94	39406642.5	41352631.31	33008133.25	30736308.06	27177025.81
D3ZM33	Uncharacterized protein		36.494	43	8	260	8	152	17.8	10.99	6	6	4	5	5	5	12012469.38	12039174.34	10894672.47	7187831.063	6212922.906	6051827.594
B2RYN0	Phosphoacetylglucosamine mutase	Pgm3	60.169	29	13	254	13	542	59.6	6.24	6	6	5	4	5	5	14837161.09	13778710.98	13375660.06	10897939.89	8330839.406	8359743.469
B2GUZ5	F-actin-capping protein subunit alpha-1	Capza1	57.83	62	10	253	8	286	32.9	5.69	4	6	6	6	6	6	8544134.953	7890283.172	7533585.781	6529738.938	5074915.969	6102489.641
D3ZPR0	Chromosome segregation 1-like	Cse1l	67.769	20	15	251	15	971	110.1	5.77	6	5	8	6	6	6	5960377.875	6728814.25	6660329.594	5180498.75	4695370.578	4833211.563
B2GV74	Kinesin light chain 2	Klc2	71.989	24	11	251	8	622	68.6	7.03	7	6	4	5	4	4	14665886.39	12799633.39	12232791.56	9973717.375	9685417.18	9310752.766
B5DFE0	Membrane palmitoylated protein 6	Mpp6	52.1	33	14	250	13	540	60.9	6.18	9	8	8	8	6	5	11393251.5	9909249.188	10668602.77	7931885.406	7425345.078	6801471.875
B2RZ72	Actin-related protein 2/3 complex subunit 4	Arpc4	35.805	41	6	247	6	168	19.7	8.43	3	5	4	4	4	5	17357317.22	18316267.45	16388382.13	14374156.55	12714924.14	14808377.72
D3Z955	Phosphoglucomutase 2-like 1	Pgm2l1	79.526	26	14	235	14	621	70.2	6.49	12	5	5	5	3	4	21735567.28	20440967.38	22330552.63	17714235.36	15046261.5	15632138.56
D3ZEI4	Hepatocyte cell adhesion molecule	Hepacam	52.029	32	9	233	9	417	46.5	9.38	3	7	5	7	6	3	12829044.28	13086477.53	12546756.5	9361448	8576180.156	8215574.125
B0BNN3	Carbonic anhydrase 1	Ca1	48.917	48	8	230	8	261	28.3	7.42	5	6	6	5	6	4	15973824.06	14726116.19	14549839.31	11826520.17	10966799.75	9936703.406
B2RYS2	Cytochrome b-c1 complex subunit 7	Uqcrb	24.421	52	6	227	6	111	13.6	9.31	6	4	4	5	4	5	83693255.75	81627982.32	79627005.24	60605643.91	52149878.13	47099869.25
D3ZES7	Plexin A4	Plxna4	73.504	10	16	226	13	1893	212.5	6.87	7	6	5	3	5	6	8117243.625	8174283.906	7906606.188	5844687.359	5231613.031	5921238.984
B2GV99	Myl6 protein	Myl6	37.778	63	8	226	8	152	17	4.65	6	7	6	6	5	5	21152444.56	21138417.31	17958889.94	18227942.56	15672730.38	15433929.75
D3ZPP2	ADP-ribosylation factor-like GTPase 8A	Arl8a	41.004	27	5	221	5	186	21.4	7.77	3	5	5	5	4	4	20348727.44	20471170	19555414.66	15787952.28	13685632.06	13410378.63
D3ZJ01	RAB11-binding and LisH domain, coiled-coil and HEAT repeat-containing	Relch	75.329	20	16	220	16	1218	134.6	5.3	8	5	5	3	3	7	11422385.72	11243254.13	11048863.59	10441126.36	9885918.875	8401835.516
D3ZHX3	DIRAS family GTPase 2	Diras2	39.446	54	8	220	8	199	22.5	8.76	7	5	5	4	5	6	16118798.25	16571860.5	16003148	12390827.63	11372888.13	11532622.25
D3ZCZ9	NADH dehydrogenase [ubiquinone] iron-sulfur protein 6, mitochondrial	LOC100912599	41.143	58	5	212	5	116	13	9.22	3	5	3	4	4	4	29353175.22	29702468.84	27887574.34	23121254.16	20878564.56	19198129.3
B5DFK6	Adaptor-related protein complex 3 subunit delta 1	Ap3d1	79.154	18	14	212	14	1204	135.6	7.15	6	6	6	5	5	7	10703431.09	10030041.53	9505248.875	5146100.5	4542230.938	4040132.438
B5DF89	Cullin-3	Cul3	64.054	24	15	211	15	768	88.9	8.48	4	7	7	5	5	7	13566284.41	14680047.25	14596702.91	9774026.813	10114797.86	9148442.938
A8WCF8	Tumor protein p63-regulated gene 1-like protein	Tprg1l	48.122	46	7	211	7	266	29.8	7.37	6	5	4	4	4	4	9835662.25	9711768	10338402.25	7533801	6952011.219	6570665.75
B4F774	Ganglioside-induced differentiation-associated protein 1-like 1	Gdap1l1	62.13	44	10	207	10	366	41.7	6.6	6	4	4	4	5	4	20145380.13	18856133.06	16910962.38	13887733.25	11668727.59	10815376.13
D3ZJ08	Histone H3	Hist2h3c2	31.372	40	4	204	1	136	15.4	11.27	4	3	4	3	3	4	3118072.75		835468.25		1484295.25	315274.3438
D3ZFY8	Ubiquitin-conjugating enzyme E2 V1	LOC100912618	27.572	44	6	202	4	147	16.3	7.96	4	5	5	4	5	5	10454837.06	10831591.72	18483790.03	8957548.969	12551268.16	7799017.469
B0BNL2	Peptidyl-prolyl cis-trans isomerase	Pin1	59.449	49	5	200	5	165	18.3	8.82	5	4	5	4	5	5	10997130.41	11137387.03	10190855.25	8334810.531	7889356.125	7044662.469
B2GUZ3	Methylenetetrahydrofolate dehydrogenase (NADP+-dependent) 1-like	Mthfd1l	53.813	16	11	198	11	977	105.8	7.5	3	6	5	5	5	5	7541712.094	7510961.594	7607618.531	4689003.594	5258487.719	4841376.375
B0BMY7	Protein tyrosine kinase 9-like (A6-related protein) (Predicted), isoform CRA_b	Twf2	64.283	35	8	196	7	349	39.4	6.8	3	5	3	2	4	3	10267989.72	9273564.125	9610767.781	8414477.25	7788261.625	7243507.094
B2RYQ2	Serine/threonine-protein phosphatase 2A activator	Ptpa	34.017	32	7	191	7	323	36.6	6.29	4	4	4	5	3	4	13394497.94	13217634.34	12670867.06	10434294.34	9290165.469	8200960.406
B0BN65	Family with sequence similarity 49, member A	Fam49a	51.063	57	11	191	9	323	37.3	6.01	5	6	4	4	4	6	5636235.078	5617674.047	4862479.313	4037864.453	4813576.5	3579708.125
B1WBS4	Similar to Vacuolar protein sorting 26 homolog (VPS26 protein homolog), isoform CRA_a	Vps26b	39.872	28	7	191	7	336	39.1	7.37	4	4	5	4	5	4	7334316.25	8652294.453	7932677.938	6425386.734	5629845.547	5802700.867
D3ZP47	Phosphohistidine phosphatase 1	Phpt1	29.192	38	4	186	4	124	14	5.53	4	3	4	3	3	3	6928170.719	7459853.938	7183390.281	6006351.531	5219325.844	4873289.156
A0A5H1ZRU5	N-terminal EF-hand calcium-binding protein 2	Necab2	56.905	51	12	183	12	352	39.4	4.83	6	8	5	5	4	5	12162780.13	12395750.91	10384317.77	8908290.129	8932876.586	7870289.844
B0K020	CDGSH iron-sulfur domain-containing protein 1	Cisd1	38.696	44	4	182	4	108	12.1	8.84	3	4	4	3	3	3	16719309.69	16367764.53	17032485.31	7355784.875	7494027.031	7099696.938
A1L108	Actin-related protein 2/3 complex subunit 5-like protein	Arpc5l	36.957	59	6	179	6	153	17	6.8	4	4	4	4	4	5	13734351	12732498.41	13869393	10627749.44	9729392.813	9411432.563
B0BN85	Protein SGT1 homolog	Sugt1	52.163	39	10	174	10	336	38.1	5.29	4	4	4	7	6	3	10703285.48	10118151.38	10154311	7797142.016	7354854.844	6866664.688
B0BNE6	NADH dehydrogenase (Ubiquinone) Fe-S protein 8 (Predicted), isoform CRA_a	Ndufs8	35.284	37	6	167	6	212	24	6.21	2	4	3	3	3	4	15247213.5	16006864.94	15016454.38	9800941.75	9679882	9327021.219
B0BN81	40S ribosomal protein S5	Rps5	43.115	48	6	163	6	204	22.9	9.72	3	5	2	3	3	6	9373469.813	9321977.969	8500519.875	4083977.453	3150398.25	5236651.188
D3ZE15	NADH:ubiquinone oxidoreductase subunit A13	Ndufa13	29.137	50	6	156	6	144	16.8	9.48	2	3	4	3	4	3	14918162.41	14235667.94	13743253.03	9744243.469	8964179.766	8002285.703
B2RYP4	Sorting nexin 2	Snx2	31.855	18	8	153	7	519	58.5	5.12	4	4	5	3	4	4	8246792.594	8377116.109	7889276.531	5471314.875	5324695.5	5241548.516
A0A452Q762	BTB domain-containing 8	Btbd8	37.628	10	8	152	8	1367	147.7	7.21	4	3	5	3	5	5	2592929.43	2886342.891	2623308.207	2559971.855	2432461.688	2264453.359
B5DF91	ELAV-like protein 1	Elavl1	40.466	28	7	151	7	326	36.1	9.04	4	2	3	3	3	2	7291920.695	6333165.234	5735110.484	6465730.375	5547576.055	5389498.094
B0K014	D-aminoacyl-tRNA deacylase	Dtd1	28.246	19	4	148	4	209	23.4	7.87	4	4	4	4	4	4	8634959.5	7586179.875	7726229.625	5485814.75	5317758	4842724.875
B2RZ37	Receptor expression-enhancing protein 5	Reep5	17.011	20	4	147	4	189	21.4	8.12	3	2	4	4	3	3	16703007.19	16183134.81	15498070.13	11080298.28	11089457.84	10095088.94
B1WC33	CDC42 effector protein (Rho GTPase binding) 4 (Predicted), isoform CRA_a	Cdc42ep4	40.198	31	7	147	7	350	37.9	5.62	4	4	4	3	3	3	5359345	5158053.156	4985601.328	3766766.547	3726159.781	2726105.273
D3ZJH9	Malic enzyme	Me2	41.714	21	8	147	7	584	65.3	7.75	6	5	4	6	3	2	4700498.031	4843873.031	4821346.875	3485304.422	3500858.406	2882450.922
B2RZC6	Ilf2 protein	Ilf2	32.495	22	6	145	6	390	43	5.26	5	4	4	4	3	4	6516586.781	5641870.438	5501048.406	4944053.594	4155619.234	4029496.563
B0BNM1	NAD(P)H-hydrate epimerase	Naxe	28.663	36	7	144	7	282	30.9	6.89	3	5	4	3	3	3	9840563.781	10066220.59	5455615.844	5613069.281	5150099.375	4922722.875
D3ZJK8	PhoLip_ATPase_N domain-containing protein		26.454	66	6	142	6	106	12.1	6.02	3	2	4	4	2	3	7934486.875	7482013.875	7862457.621	5975097.414	5517719.938	5324978.594
B5DFD8	SH3 domain-binding glutamic acid-rich-like protein	Sh3bgrl	26.704	58	4	141	4	114	12.8	5.07	2	3	4	3	3	4	6414022.188	6138903.688	6814577.078	4776143.469	4601568.813	4875400.469
D3ZD73	DEAD-box helicase 6	Ddx6	40.19	28	9	138	9	483	54.2	8.66	2	3	3	2	3	4	4517902.875	4894746.078	4965439.938	3576819.406	3054028.844	3212104.844
B2GUY4	Dematin actin-binding protein	Dmtn	26.74	20	5	135	5	354	39.5	7.02	2	1	2	3	2	3	6810112.609	7312355.594	6733178.359	5167366.875	4392349.688	4395050.5
A0JPM9	Eukaryotic translation initiation factor 3 subunit J	Eif3j	31.487	41	7	133	7	259	29.2	4.81	3	4	1	5	3	2	5162995.469	5269076.719	4934795.656	4728512.906	4271425.953	3745843.781
D3Z981	Plexin A1	Plxna1	39.162	8	11	127	9	1912	213.1	6.95	3	2	3	1	3	5	6408775.547	5467079.781	5783945.469	5479876.922	4319810.094	4766066.469
B0BND0	Glycerophosphocholine cholinephosphodiesterase ENPP6	Enpp6	45.133	26	8	125	8	440	50.7	6.95	2	3	4	5	1		5849020.313	5603870.125	5505703.063	2516410.438	2169270.797	3013288.344
B2RZ78	Vacuolar protein sorting-associated protein 29	Vps29	19.761	24	4	123	4	182	20.5	6.79	2	3	2	4	3	4	7084173	7511110	7083140.25	5203541.375	5001747.563	4575259.75
D3ZLK9	ATP-dependent (S)-NAD(P)H-hydrate dehydratase	Naxd	34.875	20	5	123	5	365	38.7	8.05	3	2	4	1	1	1	3627846.531	3916310.75	4130020.016	2302154	2429065.984	1888042.625
D3ZBL5	Inositol polyphosphate-4-phosphatase type I A	Inpp4a	33.678	11	7	122	7	939	105.5	6.98	3	3	3	3	2	4	6460884.5	4178630.094	5863742.406	4413446.469	2738169.375	3979214.5
B0BN93	26S proteasome non-ATPase regulatory subunit 13	Psmd13	34.337	18	6	122	6	376	42.8	5.83	4	5	2	3	2	3	26049712.5	24393962.69	23254668.06	16682168.44	15967643.58	13949974.27
B4F7C7	Hebp1 protein	Hebp1	23.052	19	3	119	3	190	21.1	5.43	3	3	3	3	3	3	10992562.63	11048206.69	10364939.38	6996689.813	5971668.875	5775950
D3ZII1	Raftlin family member 2	Rftn2	20.59	12	4	118	4	496	54.7	5.38	3	3	3	2	2	2	5282352.813	5599910.25	4141668.344	3653066.625	3348960.125	2871329.781
B2RZD6	NDUFA4, mitochondrial complex-associated	Ndufa4	18.086	78	5	118	5	82	9.3	9.52	2	3	3	2	3	4	51221055.75	52612290.75	49146885.63	38825825.44	38784437.69	33570228.5
B5DFI9	Protein-serine/threonine kinase	Pdk3	31.743	18	5	116	4	415	47.9	8.81	5	4	3	4	4	2	4270259.844	3955080.5	3815520.094	1931441.438	1839547.875	2472226.594
A1A5L1	Bleomycin hydrolase	Blmh	29.375	21	7	116	7	455	52.4	6.38	3	2	4	3	3	4	5919697.094	3648876.781	6940405.234	5139605.75	4296113.391	4082459.906
B4F7A3	Galectin	Lgalsl	20.216	27	4	111	4	172	18.9	5.35	3	3	2	3	2	2	7623080.625	7162389.938	6875200.063	6414091.438	5897417.375	5973404.563
B1WBY1	Cul1 protein	Cul1	39.701	15	7	111	7	776	89.6	8	4	3	2	4	3		3813336.219	4030089.781	3884354.594	2482149.344	2451570.75	2448942.781
D3ZCA0	Pyridoxal phosphate homeostasis protein	Plpbp	24.662	20	4	111	4	275	30.1	7.93	2	3	1	1	2	2	4220182.125	3932024.875	3902838.75	3218397.313	2952946.688	2526522.563
B0BNM9	Glycolipid transfer protein	GLTP	21.699	33	4	110	4	209	23.7	7.39	3	2	3	3	4	1	3340335.688	3044179.063	2992516.938	2769697.25	2503672.438	2204051.625
D3ZDK7	Glycerol-3-phosphate phosphatase	Pgp	23.388	20	5	109	5	321	34.6	5.35	3	3	3	3	2	2	3031116.594	2597385.688	2315646.078	2186759.109	1999184.797	2019159.25
B5DFB2	RB-binding protein 4, chromatin-remodeling factor	Rbbp4	21.875	18	5	106	3	425	47.6	4.89	2	3	3	2	2	3	1980587.969	1714408.344	1648028.656	1527317.75	1657026.563	1313185.563
B2GV54	Neutral cholesterol ester hydrolase 1	Nceh1	32.851	28	7	106	7	408	45.8	7.05	2	4	2	2	2	4	10965820.25	9471512.688	9743636.875	7683772.156	7445755.781	6136084.672
B1H267	Sorting nexin-5	Snx5	21.024	15	5	106	4	404	46.8	6.62	3	2	3	2	2	4	2279012.188	2299241.781	2930660.438	2120930.469	1857006	1768573.375
D3ZJX5	Mitochondrial import inner membrane translocase subunit TIM50	Timm50	27.179	12	3	102	3	353	39.8	8.13	3	3	2	3	2	3	2892613.5	3079422.875	2935878.75	2130212.563	2003383.375	2115492.75
B2DD29	Serine/threonine-protein kinase BRSK1	Brsk1	35.557	15	7	99	7	778	85.1	9.32	1	2	2	3	1	3	2382409.922	1987314.766	2268171.781	1975287.031	2360466.672	2198794.031
B1H2A2	Fibronectin type 3 and SPRY domain-containing protein	Fsd1	30.703	17	6	98	6	496	55.6	7.28	3	2	2	2	2	3	2604955.125	2403097.688	2296477.688	1920636.766	1877808.969	1641349.906
D3ZPJ0	Shisa family member 7	Shisa7	27.682	13	5	98	5	558	58.3	9.88	4	2	2	2	2	3	2732263.875	2133028.75	2478788.969	2236223.813	2097067.156	1853573.375
D3Z941	Methionyl-tRNA synthetase	Mars	34.768	11	8	97	8	902	101.5	6.46	2	1	2	2	3	2	5307731.75	5027061.531	5133493.094	3603990.266	3099863.125	2982915.563
B5DFC8	Eukaryotic translation initiation factor 3 subunit C	Eif3c	26.457	7	6	97	6	911	105.4	5.78	3	3	3	2	2	3	7242236.672	7111294.219	7605786.75	6195491.063	5166591.672	5381511.703
D3Z9L0	Acylglycerol kinase	Agk	33.03	18	6	96	6	490	54.2	8.6	3	3	4	3	2	3	5606786.156	4088698.406	4734489.594	2637344.344	2404647.281	3480246
D3ZLC1	Lamin B2	Lmnb2	34.545	17	8	95	8	616	68.8	5.26	2	3	5	4	1	2	5595690.625	5206813.359	4441593.438	3444890.656	2872765.766	3447448.234
D3ZNQ6	Ubiquitin-conjugating enzyme E2M	Ube2m	20.301	26	4	92	4	183	20.9	7.69	1	2	2	4	3	4	6345351	6569739.25	6135464.625	4863863.063	4533347.188	3939783.625
A9UMV9	NADH:ubiquinone oxidoreductase subunit A7	Ndufa7	12.905	27	3	92	3	112	12.5	10.48	2	3	2	2	2	3	9812900.875	8791828.625	8245212.375	6850153	6290120.625	5596169
B5DF65	Biliverdin reductase B	Blvrb	38.757	26	4	91	4	206	22.1	6.8	2	2	3	2	3	2	18736913.84	13369403.19	13689062.75	15764029.63	14343899.16	14101156.11
B2GUV5	V-type proton ATPase subunit G	Atp6v1g1	23.353	37	3	91	2	118	13.7	7.28	2	2	2	2	2	3	2556816.813	2377618.75	2775061.797	2092321.383	1724793.281	1759844.359
D3ZD09	Cytochrome c oxidase subunit	Cox6b1	24.958	52	4	91	4	86	10.1	8.72	3	2	1	2	2	1	9658676.25	8633388.375	8774634.688	3407396.719	3011073.656	2721927.656
B5DF55	RCG55706	Stam	30.715	15	7	89	7	547	59.6	4.86	2	2	2	3	3	2	6124998.375	5479116.594	5678046.781	4627600.031	4495368.641	4073366.359
B2RYS8	NADH dehydrogenase [ubiquinone] 1 beta subcomplex subunit 8, mitochondrial	Ndufb8	12.993	21	3	89	3	186	21.9	6.05	3	3	3	2	2	2	5288068.375	4788107.188	4818166.938	2601631.531	2305992.75	2389016.469
B2RZ27	SH3 domain binding glutamic acid-rich protein-like 3	Sh3bgrl3	17.544	27	2	89	2	93	10.5	5.14	2	2	2	2	2	2	8171346.75	8250515	7635308.125	6350618.25	6380078.5	5489403
B0BNJ1	LOC683667 protein	Sri	12.965	22	3	88	3	198	21.6	5.9	2	2	3	3	3	2	4329489.25	4765302.938	4861454.438	3676493.625	4163257.813	4497568.625
D3ZRM5	RAB23, member RAS oncogene family	Rab23	25.029	29	5	88	5	237	26.6	6.79	4	2	1	1	2	3	2178389.188	2352132.109	1861767.266	1654145.188	1436876.906	1495016.422
B2RZB7	Small nuclear ribonucleoprotein Sm D1	Snrpd1	25.995	28	2	87	2	119	13.3	11.56	2	2	2	2	2	2	1197352.406	1523246.469	2540619.438	2387313.125	2203990.375	2149889.422
D3ZC63	Cytidine/uridine monophosphate kinase 2	Cmpk2	26.057	23	8	86	8	447	50.1	7.24	4	2	1	1	2	2	3963890.094	3786062.656	3757112.531	3133772.672	2783844.578	2057120.672
A2RUW1	Toll-interacting protein	Tollip	24.847	23	5	84	5	274	30.3	5.17	2	2	2	1	3	3	6739870	5411251.313	5718641.625	4572653.938	4614398.375	4466669.844
B0BNA7	Eukaryotic translation initiation factor 3 subunit I	Eif3i	21.49	25	5	84	5	325	36.4	5.64	2	2	2	1	2	2	1246005.75	1100393.969	1154588.094	941549.3125	782366.6563	1153286.313
B2GV15	Dihydrolipoamide acetyltransferase component of pyruvate dehydrogenase complex	Dbt	29.829	18	6	82	6	482	53.2	8.41	1	2	1	3	2	4	36780398.78	36792768.47	36594759.97	28792760.05	23463545.03	20900528.58
D3ZS58	NADH dehydrogenase [ubiquinone] 1 alpha subcomplex subunit 2	Ndufa2	14.865	34	3	82	3	97	10.8	9.72	1	1	3	3	3	3	5610514.625	4808395.75	4637036.25	3346590.125	3594948	3281185.563
D3ZF26	Tankyrase 1-binding protein 1	Tnks1bp1	81.077	17	17	77	17	1705	179.9	4.79	2	3	3	2	3	3	5213648.125	6227213.797	5867937.438	5091149.164	5102438.102	4355878.484
D3ZGN2	Copine 5	Cpne5	18.141	8	4	77	3	593	65.6	5.77	2	2	1	1	1	2	2764062.813	3025043.125	3051572.031	1873727.766	1612778.031	1730212.031
B1WBY5	DnaJ (Hsp40) homolog, subfamily C, member 11	Dnajc11	16.357	11	5	77	5	559	63.2	8.32	2	2	2	1	3	1	41675947.09	37942329.41	36575827.81	37898597.88	35417649.75	31497745.03
D3ZBN0	Histone H1.5	H1-5	15.086	18	3	76	3	222	22.6	10.96	3	2	2	2	2	2	5366419.125	3450662.375	5191606.5	1346034.625	2588668.063	1139885.094
B2GV73	Actin-related protein 2/3 complex subunit 3	Arpc3	14.5	17	3	75	3	178	20.5	8.6	3	2	1	1	3	2	10577107.13	10274766.75	7418567.75	8411266.125	7675907.5	7083724.25
D3Z900	Mitochondrial amidoxime reducing component 2	02-mars	11.833	7	2	74	2	338	38.2	8.68	2	2	2	2	2	2	2756499.75	2546461.5	2651906.656	1692120.172	1380610.641	1020257.5
D3ZET9	Centrosomal protein of 170 kDa-like	LOC100909664	21.789	6	5	73	5	1139	125.7	6.8	3	2	3	2	3	3	1424496.469	1476792.531	1196556.516	983423.6719	955698.8906	815422.8984
D3ZAF6	ATP synthase subunit f, mitochondrial	Atp5mf	10.535	24	2	73	2	88	10.4	10.04	2	2	2	2	1	2	6573955.875	5904421.875	5695972.75	4976836.75	4814796.625	4511860
A0JN30	Canopy 2 homolog (Zebrafish)	Cnpy2	19.662	24	3	73	3	182	20.7	5.14	2	3	2	2	2	2	1564234.469	1522787.281	1266863.594	1103752.781	1140852.125	1052398.125
D3ZD23	ATP-binding cassette subfamily E member 1	Abce1	15.356	8	4	72	4	599	67.3	8.34	2	3	2	2	2	1	2079182.969	1413441.938	2098170.063	1820909.375	1541870.859	1436976.797
D3ZQ02	WD repeat domain 37	Wdr37	13.821	8	3	72	3	449	49.8	7.2	2	2	1	1	1	2	2824578.438	2307300.672	2621394.234	1967972.656	1817432.156	1622050.828
B0BNG3	Lectin, mannose-binding 2	Lman2	10.593	9	2	70	2	358	40.4	6.95	1	1	1	2	1	2	1161483.844	1252847.625	974543.3438	913107.8125	904556.6563	779079.25
D3ZLL8	40S ribosomal protein S15a-like	LOC100909878	17.756	28	4	70	4	130	14.8	10.13	3	2	2	1	1	3	6798699.25	6676730.875	6465550	3865130.938	4041665.125	3441504.938
D3Z8I7	Glutathione S-transferase, theta 3	Gstt3	25.709	20	3	69	3	210	23.4	9.09	1	2	2	2	2	1	2678756.313	3209051.531	2986871.813	2678528.625	2367624.828	2107573.875
D3ZFA8	40S ribosomal protein S17-like	LOC100362366	20.599	32	3	69	3	135	15.5	9.77	1	1	1	2	1	1	7615348.156	6627067.219	5793168.438	4153389.188	3158533.203	3197199.078
D3ZAS2	Small G protein-signaling modulator 1	Sgsm1	30.908	11	7	67	7	1093	123.3	5.64	1	1	1	4	2	1	2099386.172	2282767.063	2171193.578	1650197.164	1634574.297	1898667.289
D3ZE85	DOMON domain-containing protein FRRS1L	Frrs1l	21.693	17	4	66	4	293	32.4	5.43	2	1	1	1	1	3	1817062.875	1701353.625	1910159.969	1185363.313	1144611.375	1093068.672
B0BN30	Mitochondrial carrier 1	Mtch1	19.023	17	5	64	5	389	41.6	9.32	2	4	2	2	1	2	4968810.922	5484082.594	5135709.313	2610047.344	2511024.906	2046433.344
B0K008	Eukaryotic translation initiation factor 1	Eif1	16.801	64	4	63	4	113	12.7	7.44	3	1	2	2	2	1	2119290.188	1703616.5	1508561.188	1524328.875	1410735.813	1243686.25
B5DEI0	Pcyox1l protein	Pcyox1l	18.496	9	3	63	3	494	54.6	7.65	1	2	1	1	1	1	2360101.563	2279273.813	2199922.5	2001124.906	1668622.75	1616215.219
A2VCX1	TIP41-like protein	Tiprl	16.128	23	4	61	4	271	31.2	5.52	1	2	1	2	2	2	3718179.375	3469099.906	3704246.406	2531400	2180280.531	2524605.094
B2RYW3	NADH dehydrogenase (Ubiquinone) 1 beta subcomplex, 9	Ndufb9	14.45	16	2	60	2	179	21.9	8.07	2	1	2	2	2	1	2176794.563	1954716.25	1648674.5	1381320.156	1477884.281	957357.4531
B2RYA8	DnaJ heat shock protein family (Hsp40) member B2	Dnajb2	8.416	8	2	59	1	277	30.7	4.89	1	2	1	1	2	2	785559.875	678449.9375	720015.875	563908.875	476707.125	500346.8125
D3ZJD3	Ribosomal_L28e domain-containing protein		7.967	22	3	58	3	137	15.6	11.93	1	1	1	1	1	2	5128693.438	4556363	4880777	2743060.156	2738026.719	2409629.844
A1L1K8	Intracellular hyaluronan-binding protein 4	Habp4	14.631	8	2	57	2	411	45.8	6.84	1		2	1	2	2	1003586.219	979251.2188	1040304.75	824295.2188	723204.1563	725976.875
B0BNJ4	ETHE1, persulfide dioxygenase	Ethe1	14.134	28	4	57	4	254	27.7	7.06	1	1	1	1	1	1	3685312.438	2990200.688	2651444	2684118.219	2674254.5	2312891.719
D3ZER6	Transportin 2	Tnpo2	15.656	6	4	57	1	913	102.8	5	3	1	2	2	1	1	895231.9375	1019090.188	879740.125	626149.875	720150.1875	599615.125
D3ZPN3	Myeloid leukemia factor 2	Mlf2	10.692	22	3	55	3	247	28	6.98	3	2	2	1	3		5415932.086	5082563.25	4932578.219	3989841.469	3596085.563	3593774.734
D3ZHL1	Kinase suppressor of ras 1	Ksr1	16.441	7	2	54	2	520	58.4	7.74	1	1		2	1	1	769688.9063	757847.7188	785001.1563	758449.1875	679691.875	618393.6406
D3ZC15	Capping protein regulator and myosin 1 linker 2	Carmil2	22.303	6	5	54	5	1368	148.3	6.93	1	3	3	2	2	1	1506314.094	863928.4375	1314193.469	1063319.625	741897.0625	1074692.656
B5DEY8	Sorting nexin	Snx6	12.171	12	4	54	3	406	46.6	6.16	2	2	1	2	1	2	1320386.5	1239014.938	1257943.563	978397.375	712163.4375	1046021.844
B2RZD1	Protein transport protein Sec61 subunit beta	Sec61b	8.978	28	2	53	2	96	10	11.56	1	2	1	1	2	1	813807.125	963334.875	1031837.969	880819.7969	721405.8281	635378.8281
B4F7A9	Casein kinase 2 alpha 2	Csnk2a2	22.785	17	4	52	4	350	41.2	8.56	1	3	1	1	1	2	2967858.813	2729441.563	2477872.656	2360564.469	2056802.156	1133725.625
D3ZSA9	Nodal modulator 1	Nomo1	27.526	8	7	51	7	1214	133.4	6.07	2	1	1	1	1	2	8746252.656	8872269.969	8622780.891	7525873.453	6474955.969	6211894.125
D3ZSU7	Migration and invasion enhancer 1	Mien1	6.581	18	2	51	2	115	12.3	4.51	1	1	1	1	1	1	1882663.188	1823882.25	2090912	1325062.969	1519745.563	1262057.156
D3ZC56	Dystonin	Dst	63.642	3	16	50	15	7512	846.7	5.34	1	1	2		2	1	5767804.734	4408166.828	5860924.781	4827103.766	3798624.172	4276636.531
D3Z9D0	Similar to KIAA1549 protein	RGD1306271	30.042	7	7	50	7	1867	201.8	5.81	1	2	1			3	2611775.031	2987199.813	3289650.125	1760943.063	1986712.594	1945464.906
D3ZHG8	ADP-ribosylation factor-binding protein GGA3	Gga3	28.551	18	8	50	7	658	71.7	5.64	1		2	1	2	1	2908318.031	2956956.063	2792582.547	2072902.563	1848602.063	1957269.109
D3ZI16	COP9 (Constitutive photomorphogenic) homolog, subunit 6 (Arabidopsis thaliana) (Predicted), isoform CRA_a	Cops6	18.136	15	3	49	3	344	37.7	6.14	1	2	1	1	1		7761540.094	7810894.156	7746807	5220250.25	4536483.078	4426019.125
B4F763	VPS53 subunit of GARP complex	Vps53	21.263	9	5	48	5	803	91.1	6.61		3		2	1	1	2335083.344	1976047.25	2054482.438	1803915.469	788270.5625	686297.375
D3ZL85	Cytochrome c heme lyase	Hccs	13.32	10	2	48	2	274	31.1	6.73	1	1	1	1	1	2	1351662.563	1300957.188	1261651.594	1182886.063	1077620.969	868849.0625
B1WC26	N-acetylneuraminate synthase	Nans	17.252	13	3	47	3	359	40	6.84	1	2	1	2	1	2	3392788.688	3229312.438	3037159.063	2869884.438	2597100.188	2242983
D3ZJK6	Trafficking protein particle complex 9	Trappc9	15.8	4	3	45	3	857	95.3	6.96	2	1			1		602691.6641	614795.0703	1036558.727	747795.7344	679982.8906	630107.7422
D3ZPN7	Uncharacterized protein		10.685	9	1	44	1	160	18.7	10.55		1	1	1	1	1	2605611.688	2517701.156	2282188.375	1661078.875	953882.1875	1314604.563
D3ZJ86	Sodium/hydrogen exchanger	Slc9a6	16.045	7	3	44	3	721	79.8	6.11	1	2		1	1	1	1171618.313	835183.0938	1229709.453	740468.8906	947666.2656	993153.3125
B2RZD4	60S ribosomal protein L34	Rpl34	7.194	15	2	43	2	117	13.3	11.47	1	2	2	1	2		3085104	3118602.125	2954378	1949692.438	1720320.063	1602010.625
D3ZDX5	Plexin B1	Plxnb1	34.734	5	7	43	7	2121	231.7	5.6	1		1	1	2		4523649.844	3873139.438	3302878.469	2816119.531	3398807.844	2762164.953
D3ZMJ7	WNK lysine deficient protein kinase 2	Wnk2	22.999	6	6	42	6	2063	218.2	5.77	1	1		2	1	2	1283257.5	1023124.031	1067357.703	749415.2188	1018920.875	819105.8438
B2RYQ5	Enhancer of rudimentary homolog	Erh	12.109	28	2	42	2	104	12.3	5.92	1	1	1	1	1	1	2496723.75	2125801.5	2021084.25	1397603.875	1373406.375	1311245.375
B2GV87	Receptor-type tyrosine-protein phosphatase epsilon	Ptpre	15.38	7	5	42	4	699	80.7	7.02	2	2	2		1	1	2154450.25	1814557.188	1496647.234	1534229.688	1291502.656	1346211.688
D3ZBT9	Protein phosphatase 6, regulatory subunit 3	Ppp6r3	14.075	6	4	41	4	873	97.5	4.6	1	1	1	2		1	857972.8125	591565.625	1793105.031	746250.7813	476904.5625	564485.4844
D3ZMY7	5'-nucleotidase, cytosolic II	Nt5c2	19.144	11	4	41	4	586	67.7	6.74	3	1	2	1	1	2	1704789.359	1986480.781	2055614.375	1797677.938	1712073.656	1454847.719
D3ZPT0	Proline-rich 36	Prr36	17.158	7	4	41	4	1050	105.1	10.13	1	2	1	2		2	1723742.438	1727093.047	2098265.531	1156936.563	853196.6875	634396.9531
D3ZML2	Serine/threonine-protein kinase BRSK2	Brsk2	14.128	4	2	40	2	735	81.4	8.95	1		1		2	2	1274343.875	1432277.313	1202874.688	1176890.656	343255.8125	971680.2813
D3ZKX8	Family with sequence similarity 169, member A	Fam169a	17.075	7	3	39	3	663	73	4.68	1	1	1		2	3	295033.8125	428758.3906	971573	220419.2188	621149.1875	120238.5234
D3ZCF8	ATP-binding cassette, subfamily A (ABC1), member 8a	Abca8a	37.255	7	8	39	8	1624	184.8	7.25			1	1	1		4146202.547	4066415.047	4316854.141	4306031.813	3750743.656	3946969.203
D3ZA93	Acyl-CoA thioesterase 13	Acot13	10.353	16	2	38	2	140	15.3	8.84		1				1	2883101	2834050.5	2971689.375	1893682.188	808892.125	658742.75
B4F7C1	G protein-coupled receptor 37-like 1, isoform CRA_a	Gpr37l1	9.354	5	2	38	2	481	52.8	7.18	2	1	1	1	1	1	5018722.5	4769429.5	4480112	3879329.25	3444703.25	3440579.75
B0BN18	Prefoldin subunit 2	Pfdn2	14.101	23	3	37	3	154	16.6	6.58			2	1		1	3128972.438	3362097.125	3144437.5	2506070.5	2365778.125	2024749.875
C6ZII9	NAD-dependent protein deacetylase	Sirt3	7.759	7	2	37	2	320	35	7.42	1	1	1	1	1		630434.5	420083.1563	554575.5	606633.9375	525439.3125	529863.3125
B0BMT9	Sqrdl protein	Sqor	10.121	6	2	37	2	450	50.2	9.07		2				2	1145668.406	1195138.75	1213523.813	1118449.313	943362.375	823927.0625
B0BNB9	HtrA serine peptidase 2	Htra2	16.599	9	3	36	3	458	49.1	9.5	1				1	1	1862205.063	1796989.938	1702988.375	1220385.156	1147350.75	1004509.406
D3ZH36	Extracellular leucine-rich repeat and fibronectin type III domain-containing 2	Elfn2	32.809	14	7	35	5	820	89.9	7.33	2		1	2	2		2867224.625	2747239	2680603.5	1985321.125	1992345.094	1824312.531
B2RZ08	RGD1563325 protein	Tmem263	14.289	30	2	35	2	115	11.5	9.32	1	2		1	1	1	1030324.063	924480.2031	1124639.266	1482456.563	1126783.047	1158622.672
D3ZMS1	Splicing factor 3b, subunit 2	Sf3b2	5.264	1	1	34	1	878	98.1	5.62	1			1	1	1	873531.9375	952591	844543.75	609447.5	619166.375	600192.375
B4F795	Choline transporter-like protein 2	Slc44a2	10.656	10	4	34	4	705	79.8	8.79		1				1	1778684.594	1871555.5	1861074.344	1274356.781	1207106.406	1157245.578
B0BN46	Glyoxylate and hydroxypyruvate reductase	Grhpr	24.929	22	5	33	5	335	35.9	7.93	2			1	1		4523334.563	4774668.375	4591584.688	3559927.906	3310176.672	3330301.188
B2RZ38	Ras-related GTP binding D (Predicted), isoform CRA_b	Rragd	12.163	11	3	32	3	399	45.1	4.92	1		2		1	1	1142178.625	1416522.688	1230573.125	966542.875	809675.1563	928100.5625
A6JUQ6	Clavesin-2	Clvs2	16.343	14	3	32	2	327	37.9	6.06		1	1	2	1	1	1075329.375	1188656.281	523485.375	875505.8438	382680.1563	727117.4063
D3ZMS0	Protein C10-like	LOC100911713	9.791	25	2	32	2	126	13.2	5.14	1	1		1	1		696455.3125	211083.9219	530748.1094	482986.4219	264040.5	159851.3125
D3ZIE9	Delta-1-pyrroline-5-carboxylate synthase	Aldh18a1	30.905	16	9	32	9	795	87.3	7.56	3	1	1			1	2064003.641	2450502.219	2404623.719	1926641.313	1578707.859	1376722.719
B2RZ79	Iron-sulfur cluster assembly enzyme	Iscu	10.982	22	2	31	2	167	18	9.29	1	1	1				908193.5938	604917.8125	633768.75	468312.3438	432856.1563	717121.3125
D3ZLT1	NADH dehydrogenase (Ubiquinone) 1 beta subcomplex, 7 (Predicted)	Ndufb7	11.152	21	2	31	2	137	16.6	8.46	2	1	1		1	1	1379550.125	1436318.563	1361836.625	593714.5469	241138.875	541581.7969
D3ZKI5	PHD finger protein 3	Phf3	3.476	0	1	30	1	2020	225.2	6.87		1	1	1	1	1		211244.4063		337411.4063	988358	800805
B2RYS6	Hypoxanthine phosphoribosyltransferase	Prtfdc1	11.136	14	3	30	2	225	25.5	6.3	1		1		2	1	865830.9375	785701.0313	760773	618827	605606.2188	599450.3594
B5DES0	Small nuclear ribonucleoprotein Sm D2	Snrpd2	10.295	33	3	28	3	118	13.5	9.91		2		1	1	1	1132283.359	1061965.844	1074718.781	963229.3125	895642.25	871349.9844
B0K030	DnaJ (Hsp40) homolog, subfamily B, member 1 (Predicted), isoform CRA_b	Dnajb1	11.01	11	3	28	3	340	38.1	8.63	1	1	1			1	2088195.594	1231207.75	1245589.375	1005265.094	1377406.313	879017.7188
B0BMX3	S100 calcium binding protein A16 (Predicted), isoform CRA_a	S100a16	9.729	27	3	28	3	123	14.2	5.52	1	1	1	1		1	2959930.031	2755856.406	2666535.938	1973447.125	1886936.125	1848545.969
B2GUW3	Hdac11 protein	Hdac11	10.023	10	2	28	2	347	39.3	7.69		1		1			1154265.438	1232566.188	663518	1076356.563	1038678.375	905274.7813
D3ZIP8	Uncharacterized protein		6.71	4	1	28	1	347	38.1	8.05	1	1	1	1	1		713347.125	751233.625	864022.625	485309.5313	300408.6563	349083.0625
B2RYC9	Glucosylceramidase	Gba	14.528	9	4	27	4	515	57.5	7.39	2		1	1	2	1	3771811.813	3246922.5	3200349.688	2381085.563	2224670.719	2216688.031
B0BN83	Armadillo repeat-containing protein 1	Armc1	13.859	17	3	27	3	282	31.2	5.57	2	1		1		1	3263897.063	2904292.688	2798227.625	2165986.281	2068010.375	1779050.625
D3ZG95	Mitochondrial calcium uptake family, member 3	Micu3	16.15	14	5	26	5	499	56.8	6.49	1	1	1	2			1438810.656	1773043.656	1728748.156	1136675.516	1245971.969	895303.4375
D3ZKQ4	RAB, member RAS oncogene family-like 6	Rabl6	17.927	9	4	25	4	731	80.2	5.48		2	1	1	1	1	2144846.531	1919764.688	1946064.5	877236.5313	715610.2813	634943.0938
B1WBW4	Armadillo repeat-containing protein 10	Armc10	13.633	11	2	25	2	306	33.4	7.97	2	1	1				1088224	1184757.75	938408.2188	810431.9063	705274.9375	616119.5313
B5DFL0	Snta1 protein	Snta1	5.195	4	2	24	2	499	53.3	6.8	1	1	1				1130640.313	1361629.688	1116051.219	908362.9688	884323.4375	728917.0938
B5DEZ6	Glucosamine-6-phosphate isomerase	Gnpda2	8.293	9	2	24	1	276	31	6.74		1		1	1	1	747542.625	496092.8438	629617.5	312273.9688	500858.8438	378463.1875
D3ZFR9	Retinol dehydrogenase 13	Rdh13	4.278	4	1	24	1	334	36.4	8.87	1	1				1	555231.6875	601220.8125	613705.875	494144.4375	501135.0313	461959.5625
B2RYD7	RCG25591, isoform CRA_a	Stt3b	10.707	5	3	23	3	824	93.4	9.01					1	1	497310.1875	31603895.91	516389.3438	417038.9688	16582548.84	299935.3125
D3ZM09	Seryl-tRNA synthetase 2 (Predicted)	Sars2	9.348	6	2	23	2	518	58.3	8.06		1	1	1	1	1	1856191.469	1797338.344	1948631.313	1716287.188	1317396.313	1361402.5
B5DEL8	NADH dehydrogenase (Ubiquinone) Fe-S protein 5	Ndufs5	12.499	23	2	22	2	106	12.7	8.92	1	1	1	1		1	2430430.5	2387235.438	1919710.938	2019869.125	1910249.281	1643212.188
B0K017	ADP-ribosylhydrolase like 2 (Predicted)	Adprhl2	18.047	16	4	22	4	370	39.4	4.96				2			1240357.656	1271949.469	1249901.844	927278.8438	716011.875	899435.7188
A0JN29	Limb and neural patterns	Lnpk	9.776	13	3	21	3	376	42.1	9.25	1				1		1568355.219	1234847.344	1074912.5	1069329.25	1002257.258	790628.8125
D3ZDB9	NmrA-like family domain-containing protein 1	Nmral1	12.818	10	2	21	2	305	33.9	6.62		1			1		758971.6875	747301.0469	749085.2813	628381.3594	360525.3125	566548.4063
D3ZC89	Uncharacterized protein		15.733	11	4	20	4	499	54.4	4.91	2			1	1		13385965.25	12481325.06	12056785.25	6309133.219	6293454.813	5956120.688
D3ZE72	Methionine aminopeptidase	Metap1	2.889	3	1	20	1	386	43.2	7.17	1	1			1	1	357764.2813	279765.9063	441457.9063	256127.2969	239499.4688	233043.75
D3ZN79	Uncharacterized protein		4.009	8	1	20	1	123	14.5	10.83		1					1583379.625	1658964.875	1534700.75	833839.1875	884766.1875	830971.625
D3ZGY2	OTU deubiquitinase 6B	Otud6b	10.823	9	2	19	2	285	32.8	6.02		1		1			1887888.438	1483079.828	1751407.672	1261989.219	1019770.859	1133684.719
D3ZK73	Cullin 4B	Cul4b	11.865	3	3	19	3	971	110.7	8.44	2		1		1	1	1104268.313	612462.4375	753792.4375	398881.9375	162736.9688	701765.0938
D3Z9L5	WD repeat domain 11	Wdr11	6.516	2	2	19	2	1224	135.7	7.12	1	1	1				1670844.5	1574875.781	1264934.25	332251.4688	1183170.406	1063687.969
D3ZD97	DEAH (Asp-Glu-Ala-His) box polypeptide 15 (Predicted), isoform CRA_b	Dhx15	10.677	4	3	19	3	795	90.9	7.46		1	2			1	1795336	1344167.188	1625101.469	1001762.188	1160634.5	843088.6563
D3ZP15	RAB9B, member RAS oncogene family	Rab9b	7.808	8	1	18	1	201	22.7	4.93	1			1		1	710681.625	689430.625	577673.625	488539.875	542408.9375	461299.25
D3ZE26	Similar to RIKEN cDNA 1110063G11 (Predicted)	Tmcc2	11.043	8	3	18	3	706	77.1	6.76	1			1	1		571116.8125	472160.25	469041.3438	378089.3125	379343.0313	333892.0938
B2RYF6	CLPTM1 regulator of GABA type A receptor forward-trafficking	Clptm1	9.607	5	3	17	3	664	75.2	6.01		1					10448078.25	9673274.063	8447588.563	7484775.375	6794199.969	6793792.547
D3ZH40	OTU deubiquitinase 7B	Otud7b	3.99	2	2	17	2	841	91.9	6.86	1			1		1	1259216.344	1155205.438	1399033.406	890474.5938	691235.3281	796573.8125
B5DEH2	Erlin-2	Erlin2	10.283	8	2	16	2	339	37.7	5.74		2	1	1			1823512.063	1595721.813	1799585		708578.5313	
D3ZKG1	Methylmalonyl-CoA mutase	Mmut	12.297	7	4	16	4	833	92	7.72	1		1			1	2149326.031	2089339.313	2476594.063	1079511.797	1410244.625	1358663.219
D3ZG85	Cyclin-dependent kinase-like 5	Cdkl5	12.906	4	3	16	3	934	105.1	9.61							537809.4219	473222	859001.2656	738948.4688	488790.7969	649282.4766
D3ZI07	Kinesin-like protein	Kif3b	14.218	5	3	16	3	747	85.2	7.69	1	1	1				667181.1875	741169.5	671264.5	572451.75	624471	593490.6875
B5DF46	Phosphomannomutase	Pmm2	9.191	15	3	16	3	242	27.7	7.3			1	2	1		1494511	1717049.813	1498507.969	1203695	1090969.328	1082472.188
D3ZCJ3	Major facilitator superfamily domain-containing 6	Mfsd6	4.359	2	1	15	1	794	87.9	5.81	1	1	1			1	838246.0313	1161658.469	638663.1875	719662.6406	716630.7813	545712.875
D3Z9D2	FYVE and coiled-coil domain autophagy adaptor 1	Fyco1	2.909	1	1	15	1	1451	163.5	5.07		1	1	1			2421133.75	2400701.25	2012494.625	1534555	1321609.625	1197357.25
D3ZLU0	C2 calcium-dependent domain-containing 4C	C2cd4c	15.709	13	3	15	3	422	44.9	9.74			1	1	1	3	6202194.5	6200894.031	6358762.984	5158350.391	4492578.5	4448756.5
D3ZCS3	Poly(rC)-binding protein 4	Pcbp4	6.251	6	2	15	2	403	41.4	8.16		1		1			6932193.453	6486222.977	6431314.57	4405330.5	4506796	3871783.5
D3ZAZ0	Eukaryotic translation initiation factor 3 subunit M	Eif3m	10.974	11	3	14	3	374	42.5	5.74	1				1		3292379.75	2894546.75	3299200.5	2573355.25	2170651.5	2225217.25
D3ZLI9	PDZ domain-containing 4	Pdzd4	2.975	1	1	14	1	766	86.1	6.05	1						1209800	1078208.625	960801.25	721866.5625	468050.2188	486016.375
D3ZFJ6	Lactamase, beta	Lactb	5.2	5	2	14	2	550	60.4	8.82		1	1				953608.3438	882860.1563	905690.6875	421367.6875	440779.4063	639402.7188
B0K010	Thioredoxin domain-containing 17	Txndc17	4.536	11	1	14	1	123	14.1	4.93	1	1		1		1	584020.875	463828.8125	410780.0938	459344	450906.5625	339279.875
B2GV57	Cysteinyl-tRNA synthetase 2, mitochondrial	Cars2	3.602	2	1	13	1	550	60.9	8.29	1		1	1			792478	800491.4375	869096.6875	510035.9063	448234.75	512122.3438
D3ZAG3	Microtubule-associated protein 9	Map9	4.721	2	1	12	1	646	73.6	7.3		1	1			1	2758357	2693218.688	2368976.656	2288905.75	2118650.797	1767700.953
D3ZRN5	Ro60, Y RNA-binding protein	Ro60	8.279	4	2	12	2	538	60	8.06		1	1				2785039.938	2286333.938	2618366.25	1345257.625	1683107.625	1109588.906
D3ZR63	Glucose-fructose oxidoreductase domain-containing 1	Gfod1	3.485	3	1	11	1	390	43.2	5.92				1			492746.4063	545380.3125	617137.75	513052.9063	449516.125	354315.8125
D3ZBM3	Ferrochelatase	Fech	6.389	7	2	11	2	422	47.5	8.72						1	1846252.063	1255472.5	1494359.656	493061.6563	1026981.656	814314.6875
D3ZEW7	Nitric oxide synthase, brain	Nos1	13.424	4	4	11	4	1463	164.2	7.21	1			1			1171754.281	1234540.063	989085.9375	555556.3906	693563.7031	547124.7969
D3ZA85	Histone cell cycle regulation defective interacting protein 5 (Predicted), isoform CRA_a	Nfu1	7.871	11	2	10	2	253	28.3	4.96				1			1199041	1211290.063	1111560.469	958450.125	791556.7188	759911.25
B2RYN7	Spastin	Spast	5.7	8	2	10	2	581	63	9.74		1	1		1		777857.1875	670272.0625	726789.5	375365.7188	413046.4375	466268.75
D3ZBS2	Inter-alpha-trypsin inhibitor heavy chain H3	Itih3	6.762	3	2	9	2	887	99	6.32	1						1067131.906	1219397.219	1179919.531	776599.3906	673670.375	712124.4531
D3ZJF8	Fc fragment of IgG-binding protein	Fcgbp	3.056	0	1	9	1	2584	275	5.08		1	1		1		11280293	10164873	9643796	8166115	7233355	7121979
D3ZGG9	Chemokine XC receptor 1	Xcr1	3.148	7	1	9	1	338	39.1	8.41	1					1	3452812.75	3950170	3566654.5	3076468	3191246.5	3038497
B1H257	BLOC-1-related complex subunit 5	Borcs5	3.311	8	1	8	1	195	22.2	6.55	1			1			2496637.688	2161212.688	2134718.188	1423687.313	1023499.531	1344906.281
B1WC73	ADP-ribosylation factor-like 6 (Predicted), isoform CRA_a	Arl6	4.943	9	2	8	2	186	21	8.25	1	1					979617.5	961737.7813	844666.2188	635011.1875	444306.3125	419324.6563
D3ZG88	Mammary tumor virus receptor 2, isoform CRA_a	Znrd2	15.051	15	2	8	2	199	21.3	5.12	1					1	903266.5313	1024107.781	939906.4063	666100.0469	717434.0625	569297.3438
A9UMW0	Ubiquitin-Like 5 Protein, isoform CRA_a	Ubl5	2.987	15	1	7	1	73	8.5	8.44				1			1328360.75	1308914.25	1213342.5	1047514.625	997659.625	441242.3125
D3ZD89	N(alpha)-acetyltransferase 15, NatA auxiliary subunit	Naa15	7.829	3	3	7	3	865	100.9	7.61							343917.3125	958316.0938	987813.5781	125727.1094	579471.6875	333332.7031
D3ZF86	ARFGEF family member 3	Arfgef3	12.278	2	2	7	2	1925	212.9	5.94			1	1	1	1	248865.2031		633825.3438	463173.7188	428704.5156	232218.875
D3ZF13	Acyl carrier protein	Ndufab1	5.031	10	2	6	2	156	17.5	5.07						1	1870118.313	2075936	1772760.063	1231400.438	1169382.5	1272807.688
B2RYI2	Signal recognition particle subunit SRP68	Srp68	5.523	4	2	6	2	625	70.4	8.57						1	1056762.031	1161425.281	677884.125	566142.5078	498605.7031	651917.2031
B5DEJ5	Eefsec protein	Eefsec	8.836	4	2	6	2	583	63.6	8.29		1					784116.8438	666498.0938	535891.0938	622478.9063	474506.7188	424162.0938
D3ZCI5	Syntaxin-binding protein 6	Stxbp6	7.373	10	2	5	2	210	23.7	9.19							1155099		1201056.781	717869.0625	235969.4219	
D3ZNK1	Metaxin	Mtx3	9.371	10	2	5	2	311	34.7	7.77							685861.25	889621.1875	724194.4688	645619.9531	606817.625	597967.3125
B1WC02	CTP synthase	Ctps1	7.201	4	2	5	2	591	66.6	6.58			1				883737.9375	763059.6563	702741.3438	547765.0781	530207.5156	517681.9219
D3ZCF5	E3 ubiquitin-protein ligase	Smurf1	2.919	1	1	4	1	728	83	7.27							866843.5625	885519.9375	900995.5625	697727.5	546611.625	551278.375
A0JPQ9	Chitinase domain-containing protein 1	Chid1	3.288	4	1	3	1	393	44.8	7.97		1					833929.1875	930460.6875	965954	556406.875	520855.4063	449756.5
D3ZC82	Nuclear FMR1-interacting protein 2	Nufip2	3.995	2	1	2	1	691	75.6	8.7							731169.125	859135.375	876738.4375	444936.5	327977.8438	494948.4063
D3ZKT0	Phosphatidate cytidylyltransferase, mitochondrial	Tamm41	3.603	3	1	2	1	337	37.8	8.98							6272864.563	6772287.156	7143576.5	5253730.406	4769262.047	3755271.969
B2RZ68	DDB1 and CUL4-associated factor 7	Dcaf7	3.041	5	1	2	1	342	38.9	5.52					1		629249	633895.625	625447.6875	514607.7813	329847.25	369144.3438
D3ZHV7	Serine dehydratase-like	Sdsl	3.775	5	1	2	1	329	34.9	6.54							752260.0625	778501.125	622591.875	564084.625	500686.6875	442660.625
B1H222	RAB6-interacting golgin	Gorab	2.945	6	1	1	1	368	41.6	6.11							463940.7813	594927.625	537018.625	703383.125	755040.625	806838.9375
B2RYJ6	Tetratricopeptide repeat domain 9	Ttc9	3.092	6	1	1	1	249	27.4	9.44							3522555.75	3951638.5	4340766	3927198.75	4110988.5	2994203
D3ZLW4	Tuberin	Tsc2	3.111	1	1	1	1	1785	198.5	7.14							1174682.375	1262447.625	1296500.625	913595.9375	695464.6875	754705.625
